0
6
9
11
12
13
14
15
16
18
19
20
21
23
24
25
26
27
28
30
31
33
34
35
36
38
40
41
43
45
46
47
48
50
52
53
54
56
57
59
61
62
64
65
66
67
75
77
78
80
81
82
83
85
87
88
89
90
92
93
94
95
96
97
98
99
100
101
103
105
106
108
110
111
112
114
115
116
117
118
120
122
124
125
126
127
128
130
131
133
134
136
138
139
140
142
143
144
145
146
148
150
152
153
154
155
157
158
159
161
162
163
164
165
166
168
169
170
171
173
174
176
179
180
181
182
183
185
187
188
189
190
191
192
193
194
195
196
197
198
200
202
203
204
206
208
209
211
212
213
215
216
217
219
220
221
222
224
225
226
227
228
230
231
233
234
235
236
237
238
240
241
243
244
245
246
247
249
251
253
254
255
257
258
259
261
264
265
266
267
269
270
271
273
274
275
277
279
280
281
283
284
286
287
288
289
291
293
294
295
297
299
301
302
303
305
306
307
308
309
310
312
314
315
316
317
318
320
321
324
326
327
328
329
330
331
332
333
335
336
337
339
340
341
343
344
345
347
348
349
350
351
352
354
355
356
357
358
359
360
361
363
364
365
366
368
369
371
372
373
374
376
378
379
380
381
383
384
386
387
388
389
390
391
392
393
394
395
396
397
398
399
400
401
402
404
405
407
408
409
410
411
412
413
414
415
416
418
419
420
421
423
425
426
427
429
430
431
432
433
434
435
436
437
438
440
441
442
443
444
445
446
447
449
450
451
452
454
455
457
458
460
461
462
463
464
465
466
467
469
470
472
473
475
476
478
480
481
483
484
486
487
488
489
490
493
495
496
497
498
499
500
502
503
504
506
508
509
510
511
512
513
514
515
517
518
519
520
522
523
525
526
527
529
530
532
534
536
537
538
540
541
542
543
546
547
548
550
551
552
553
555
556
557
558
560
561
563
564
565
566
567
568
569
570
572
574
575
576
578
580
581
582
583
584
586
587
588
589
590
592
594
595
596
597
599
600
602
603
604
605
606
608
609
610
611
612
613
615
616
618
620
622
623
624
626
628
629
631
633
634
635
637
638
640
642
644
645
646
648
650
651
652
654
655
656
657
658
659
661
662
663
664
665
667
668
669
671
673
674
676
677
679
680
681
682
684
685
686
687
688
690
692
693
694
696
698
700
701
702
703
706
707
708
709
711
712
714
715
716
717
718
721
723
725
727
728
730
732
733
734
735
736
738
739
740
743
744
745
747
750
751
753
754
755
757
758
759
760
761
762
763
765
767
769
770
771
773
775
776
777
778
779
781
783
784
785
786
788
789
790
791
792
794
796
797
799
801
803
804
805
806
808
809
810
812
813
815
816
818
819
820
821
822
825
826
827
828
829
831
832
833
834
835
836
837
839
840
841
842
843
844
846
847
849
850
851
852
854
855
857
858
859
860
861
863
865
866
867
869
870
871
873
874
876
877
879
880
881
883
884
885
886
888
889
891
892
893
895
896
897
899
900
902
903
904
905
907
908
909
912
913
915
916
917
919
921
922
923
924
926
927
929
930
931
934
935
937
938
942
943
944
946
947
949
951
952
954
956
958
959
960
962
965
966
969
970
971
972
973
975
977
978
980
981
983
985
986
988
989
990
992
993
995
997
999
1000
1001
1003
1005
1006
1008
1009
1011
1012
1015
1016
1017
1019
1020
1023
1024
1025
1026
1027
1028
1031
1032
1034
1035
1037
1038
1039
1041
1043
1044
1046
1048
1049
1050
1051
1053
1054
1055
1057
1059
1060
1062
1064
1065
1067
1069
1070
1072
1073
1075
1077
1078
1079
1080
1082
1083
1084
1085
1087
1089
1091
1092
1093
1094
1095
1097
1099
1100
1102
1103
1105
1106
1107
1110
1111
1113
1115
1116
1117
1118
1119
1120
1121
1122
1124
1125
1127
1129
1131
1132
1133
1135
1137
1138
1140
1142
1144
1145
1146
1148
1149
1150
1152
1153
1154
1155
1157
1160
1161
1163
1164
1167
1168
1169
1171
1173
1174
1176
1177
1179
1181
1182
1183
1184
1186
1187
1188
1189
1191
1192
1194
1195
1197
1199
1200
1201
1202
1204
1206
1207
1208
1209
1210
1212
1214
1215
1217
1219
1220
1221
1223
1225
1226
1228
1230
1232
1233
1234
1235
1237
1238
1239
1240
1241
1243
1244
1245
1247
1248
1250
1252
1254
1255
1257
1258
1260
1262
1263
1264
1265
1266
1268
1270
1271
1273
1274
1275
1277
1278
1279
1281
1282
1284
1285
1287
1288
1290
1292
1293
1295
1296
1297
1298
1299
1301
1302
1304
1305
1306
1307
1308
1310
1312
1314
1315
1317
1318
1319
1321
1323
1324
1327
1328
1329
1332
1333
1334
1335
1337
1347
1348
1349
1350
1351
1352
1353
1354
1357
1358
1359
1361
1362
1363
1365
1367
1368
1369
1371
1372
1374
1376
1378
1379
1381
1383
1384
1387
1389
1390
1392
1394
1396
1397
1398
1400
1401
1403
1404
1405
1406
1407
1408
1409
1411
1412
1414
1415
1416
1418
1419
1420
1422
1423
1424
1426
1427
1429
1431
1432
1434
1435
1438
1439
1440
1441
1442
1444
1446
1447
1448
1451
1453
1454
1457
1458
1460
1461
1462
1464
1466
1467
1468
1470
1472
1474
1475
1476
1478
1480
1481
1482
1483
1485
1487
1489
1491
1493
1494
1495
1497
1498
1500
1501
1502
1504
1506
1507
1509
1510
1511
1512
1514
1516
1517
1518
1521
1522
1523
1524
1525
1527
1528
1530
1531
1532
1534
1535
1536
1537
1538
1539
1541
1542
1543
1545
1546
1548
1549
1551
1552
1553
1555
1557
1558
1559
1560
1561
1564
1565
1566
1567
