0
6
7
8
10
11
13
15
17
18
19
20
22
24
25
26
27
28
30
31
32
33
35
36
37
38
39
41
42
43
44
46
48
50
51
52
54
55
56
58
59
60
62
63
65
66
72
73
74
76
77
78
79
80
81
83
84
85
86
87
88
89
90
91
93
96
98
99
100
102
103
104
105
106
107
108
109
110
112
114
115
116
117
119
120
122
124
126
127
128
129
130
132
133
134
135
136
137
139
141
142
143
144
145
147
148
149
151
152
153
155
157
158
159
160
161
162
164
165
166
167
168
169
170
172
173
174
175
177
178
179
180
181
182
183
184
185
187
188
189
190
191
192
194
195
196
197
199
200
201
202
203
204
205
206
207
208
210
211
213
214
215
216
218
219
220
221
222
223
224
225
226
227
229
231
232
233
234
235
237
238
239
240
241
242
243
245
246
247
248
249
250
252
253
254
255
256
257
258
259
260
261
262
263
264
266
267
268
269
270
271
273
274
275
276
277
278
279
280
281
282
283
284
285
286
287
288
289
290
291
292
293
294
295
296
298
299
301
303
304
305
307
308
309
310
311
312
313
315
316
317
318
319
320
322
324
325
326
327
329
330
331
332
333
334
335
336
337
338
339
340
341
343
344
345
346
348
349
351
352
353
354
355
356
357
358
359
360
361
363
364
365
368
369
370
372
373
375
376
377
378
379
381
382
383
385
386
387
388
391
392
393
394
396
397
399
402
403
405
406
407
408
409
410
413
414
416
418
419
420
421
423
424
425
426
427
429
430
431
432
433
434
436
438
439
440
441
444
446
447
448
450
451
452
453
454
455
456
458
459
461
462
464
465
467
468
470
472
473
474
475
476
477
478
480
482
484
486
487
488
489
491
492
493
494
496
497
498
499
500
502
504
505
507
