0
4
6
7
8
10
11
13
14
16
17
18
20
21
23
24
25
26
27
28
29
30
31
33
34
35
37
38
39
40
42
44
46
47
48
49
50
51
52
54
57
58
59
60
63
65
71
73
74
76
77
78
79
80
81
82
83
85
86
88
89
90
91
92
93
94
95
96
97
98
99
100
101
102
103
104
105
107
108
109
110
112
114
115
116
118
119
121
122
123
124
126
128
129
131
132
133
134
136
138
139
140
142
144
145
146
147
148
149
151
152
153
154
155
157
158
159
160
161
162
163
164
165
166
167
169
170
171
173
174
175
176
178
179
180
182
184
185
186
188
189
190
191
192
194
195
196
197
198
199
200
201
202
203
204
205
206
208
209
210
211
213
214
215
216
217
218
219
220
221
222
223
224
225
226
227
228
229
230
231
232
233
235
238
239
240
242
243
245
247
249
251
252
253
254
255
256
257
258
259
261
262
263
264
265
266
268
269
270
271
273
274
275
277
279
280
281
282
283
284
285
286
287
288
290
291
292
294
296
297
299
300
301
302
303
304
307
308
309
310
311
312
313
314
316
317
318
319
320
322
324
325
326
327
329
330
331
332
334
335
336
337
338
339
341
342
343
344
345
346
349
350
351
352
353
354
357
358
359
361
362
363
364
365
366
367
368
369
370
371
372
373
374
375
376
377
379
381
382
384
386
387
388
389
390
391
393
394
396
398
399
400
402
403
405
407
408
409
410
411
412
413
414
415
416
418
419
420
422
423
424
426
428
429
430
431
432
433
434
436
438
439
440
441
443
445
447
448
449
451
452
453
454
455
456
457
458
459
460
461
463
464
465
466
468
469
470
471
472
473
474
475
477
478
480
481
482
483
485
486
488
489
490
491
492
493
494
495
497
499
500
501
502
504
505
507
508
510
511
512
514
516
517
519
521
522
523
525
527
529
530
531
532
533
534
536
537
538
539
540
541
542
543
545
547
548
549
550
551
553
555
556
557
559
560
561
562
564
565
568
569
570
571
573
574
576
577
579
580
581
582
583
584
586
587
589
591
593
594
595
597
598
599
600
601
603
604
605
607
609
610
611
614
615
616
618
620
622
624
626
628
629
630
632
633
635
636
637
638
639
640
642
643
645
646
647
648
650
651
653
655
656
657
659
660
662
665
667
669
671
672
674
675
676
677
678
679
680
681
682
683
685
686
687
688
689
691
692
694
695
696
697
698
699
700
701
702
703
704
705
707
708
709
711
712
713
714
716
718
719
720
722
724
725
727
729
730
732
734
735
736
738
740
742
743
744
746
747
750
751
752
753
754
755
756
758
759
761
763
764
766
767
769
771
772
773
774
776
778
779
780
781
782
783
784
785
787
788
790
791
793
794
795
797
798
799
800
801
802
804
805
806
807
808
809
811
812
813
814
815
817
818
819
820
821
823
825
826
827
828
829
830
832
833
835
837
838
839
841
842
844
846
847
848
849
851
853
854
856
858
859
860
862
864
866
867
869
870
872
873
874
875
876
877
878
879
882
883
884
885
886
887
888
889
891
893
894
896
898
899
901
902
903
904
905
907
908
910
912
914
915
916
917
920
921
922
923
924
925
928
929
931
932
933
934
936
937
938
940
942
944
945
946
948
950
951
953
955
956
958
959
960
961
963
964
966
967
968
969
971
972
974
975
976
978
980
981
982
985
986
988
989
991
992
995
996
997
999
1001
1002
1004
1006
1008
1009
1010
1011
1014
1015
1016
1018
1020
1022
1023
1025
1027
1028
1029
1031
1033
1034
1035
1036
1038
1039
1040
1042
1044
1045
1047
1048
1050
1052
1054
1055
1056
1058
1060
1061
1063
1064
1065
1068
1069
1071
1072
1075
1076
1077
1078
1080
1081
1082
1084
1085
1086
1088
1089
1090
1092
1094
1095
1097
1099
1101
1103
1104
1106
1107
1108
1110
1112
1113
1114
1115
1116
1119
1120
1122
1124
1126
1127
1129
1130
1131
1132
1133
1134
1135
1136
1138
1139
1140
1142
1143
1145
1147
1149
1150
1151
1152
1153
1154
1155
1156
1157
1159
1161
1162
1164
1165
1166
1168
1169
1170
1173
1174
1177
1178
1179
1181
1183
1184
1185
1186
1189
1190
1192
1193
1195
1197
1199
1200
1202
1203
1205
1207
1209
1210
1212
1213
1214
1216
1218
1219
1220
1221
1222
1224
1226
1227
1228
1229
1231
1234
1235
1237
1238
1240
1241
1242
1243
1246
1248
1249
1250
1252
1253
1255
1257
1259
1261
1263
1265
1267
1268
1269
1270
1272
1273
1274
1276
1278
1280
1281
1282
1283
1284
1285
1287
1288
1289
1290
1291
1294
1296
1297
1298
1300
1301
1302
1303
1304
1307
1309
1310
1311
1312
1314
1315
1316
1318
1320
1321
1322
1323
1324
1325
1326
1327
1330
1331
1332
1333
1335
1336
1337
1338
1339
1341
1343
1344
1346
1348
1349
1351
1352
1353
1354
1355
1356
1358
1360
1361
1362
1363
1364
1365
1366
1368
