0
6
8
9
10
12
13
14
15
17
19
20
21
22
23
24
25
26
28
29
31
33
34
35
37
38
40
41
42
43
44
46
48
49
50
51
52
53
55
56
57
58
60
62
63
64
70
72
73
74
75
76
78
79
80
83
84
85
86
87
88
89
90
92
93
94
96
97
98
99
101
102
103
104
105
106
107
108
109
111
113
114
115
116
117
118
119
120
121
122
123
125
126
127
129
130
131
132
135
136
137
138
139
140
141
142
143
144
146
147
148
149
150
151
152
153
155
157
158
160
161
163
164
166
167
168
169
170
172
173
174
175
176
177
178
179
180
181
183
184
185
186
187
188
190
191
192
193
195
197
198
200
202
203
204
205
206
207
208
209
211
212
214
215
216
217
218
219
220
221
222
223
224
226
228
229
230
231
233
235
236
237
238
239
240
242
243
244
245
247
250
251
252
254
255
256
257
258
259
260
261
262
263
264
266
267
269
270
271
272
273
274
275
277
278
279
280
281
282
284
285
286
287
289
291
292
294
295
296
297
298
300
301
302
303
304
305
306
307
308
309
310
311
312
313
315
316
317
318
319
320
321
322
323
324
325
326
327
329
330
331
332
334
335
337
338
340
342
343
344
345
346
348
349
350
351
352
354
355
356
358
359
361
362
363
364
367
368
370
371
372
373
374
375
376
377
380
381
382
383
384
385
386
387
389
390
391
393
395
396
397
398
399
400
401
403
404
405
406
407
409
411
413
414
415
416
418
420
421
423
424
425
427
428
429
430
432
433
434
435
437
438
439
440
441
443
444
445
447
449
450
451
452
454
455
457
458
460
461
462
464
466
467
468
470
472
474
475
477
478
479
480
482
483
484
486
488
489
491
492
493
496
497
498
499
500
502
503
505
506
507
508
510
511
512
513
514
516
517
519
520
522
523
524
525
527
528
529
530
531
533
535
536
537
538
540
541
543
545
547
548
549
551
552
553
554
556
557
558
559
561
562
563
565
566
568
570
572
573
575
576
578
580
581
582
583
586
588
589
590
591
594
595
597
599
600
601
602
605
606
607
608
609
611
613
614
616
617
619
620
622
623
624
625
627
628
629
630
631
632
633
635
636
637
638
639
641
643
644
645
646
648
650
651
652
654
655
656
657
659
660
662
663
665
667
669
670
671
673
674
676
678
679
680
681
683
685
686
687
689
691
692
693
696
697
698
701
702
704
705
706
708
710
711
713
715
716
718
719
720
721
723
724
725
726
728
729
730
732
734
736
737
738
739
740
742
743
745
746
748
750
751
752
754
755
757
758
759
761
762
763
764
765
766
768
769
771
772
773
775
777
778
779
780
781
783
785
786
787
788
789
790
792
794
795
796
798
799
800
801
803
805
806
808
809
811
813
814
815
818
819
820
821
823
824
825
828
829
830
831
833
834
835
837
838
839
840
841
842
843
844
845
847
849
850
852
854
856
858
859
860
861
863
865
867
868
870
871
873
874
876
878
880
881
883
884
886
888
890
892
893
894
895
896
898
900
901
903
904
905
906
908
910
912
913
914
916
918
919
921
922
923
924
926
927
928
931
932
934
935
936
937
938
939
941
942
943
944
945
947
949
950
951
952
953
954
956
957
958
960
962
963
965
966
967
968
970
972
973
974
976
978
979
980
981
982
983
984
985
986
987
989
990
991
992
993
995
996
998
1000
1001
1003
1004
1006
1007
1008
1009
1010
1011
1013
1015
1017
1019
1021
1024
1025
1026
1028
1029
1031
1032
1033
1035
1036
1038
1039
1040
1041
1042
1043
1044
1045
1047
1049
1050
1051
1052
1053
1054
1055
1056
1057
1058
1060
1062
1063
1064
1066
1067
1068
1069
1071
1072
1073
1075
1076
1078
1079
1080
1082
1083
1084
1085
1086
1087
1089
1091
1093
1094
1096
1098
1099
1101
1102
1103
1104
1105
1107
1109
1110
1112
1113
1115
1117
1118
1119
1121
1123
1124
1127
1128
1130
1131
1132
1134
1135
1137
1139
1141
1142
1143
1145
1147
1148
1150
1152
1154
1156
1157
1159
1160
1161
1162
1163
1164
1165
1167
1168
1169
1170
1171
1173
1175
1176
1177
1178
1180
1181
1183
1184
1186
1187
1190
1191
1193
1195
1196
1198
1199
1201
1203
1205
1207
1208
1210
1211
1212
1213
1215
1216
1219
1220
1221
1222
1224
1226
1228
1229
1230
1232
1233
1234
1236
1237
1239
1241
1242
1243
1244
1247
1249
1250
1251
1253
1255
1256
1258
1259
1261
1262
1263
1264
1265
1266
1268
1270
1273
1274
1277
1279
1281
1282
1283
1284
1286
1287
1288
1289
1290
1291
1292
1293
1294
1295
1297
1299
1300
1301
1302
1304
1305
1306
1307
1308
1310
1311
1312
1313
1314
1315
1316
1317
1319
1321
1322
1324
1326
1328
1329
1330
1332
1333
1334
1335
1336
1337
1338
1340
1341
1344
1346
1347
1348
1349
1350
1351
1353
1355
1356
1358
1359
1360
1361
1362
1364
1365
1366
1368
1370
1371
1373
1374
1375
1378
1379
1380
1381
1382
1383
1384
1385
1387
1388
1389
1390
1392
1394
1395
1396
1397
1399
1400
1402
1403
1405
1406
1407
1408
1409
1410
1411
1413
1414
1415
1416
1417
1418
1420
1421
1422
1423
1424
1425
1427
1428
1429
1430
1431
1432
1434
1435
1436
1437
1438
1439
1441
1442
1444
1445
1446
1448
1450
1451
1452
1454
1455
1457
1458
1459
1461
1462
1463
1464
1466
1467
1468
1469
1472
1473
1475
1476
1478
1479
1481
1482
1483
1485
1486
1487
1488
1489
1490
1491
1493
1494
1495
1496
1498
1500
1502
1503
1504
1507
1509
1511
1512
1513
1516
1518
1520
1521
1523
1524
1526
1527
1530
1532
1534
1535
1537
1538
1540
1541
1542
1543
1544
1545
1546
1548
1549
1550
1551
1552
1553
1554
1555
1557
1559
1560
1561
1563
1564
1565
1568
1570
1571
1573
1574
1575
1576
1577
1579
1580
1581
1582
1584
1585
1587
1588
1590
1591
1593
1594
1596
1598
1599
1600
1601
1603
1604
1606
1608
1609
1611
1612
1613
1615
1616
1617
1618
1620
1622
1623
1624
1626
1627
1629
1631
1633
1634
1635
1638
1640
1642
1643
1644
1645
1646
1648
1650
1651
1652
1654
1656
1658
1659
1660
1661
1662
1664
1665
1666
1667
1668
1669
1670
1671
1672
1673
1674
1676
1677
1678
1679
1680
1681
1682
1683
1685
1686
1687
1688
1689
1690
1691
1692
1693
1694
1697
1699
1701
1702
1704
1706
1707
1708
1710
1711
1714
1716
1717
1718
1719
1722
1723
1724
1725
1726
1728
1729
1730
1732
1733
1735
1737
1738
1739
1740
1742
1744
1745
1748
1750
1751
1752
1754
1755
1756
1757
1759
1761
1763
1764
1766
1768
1769
1771
1773
1774
1777
1778
1779
1781
1783
1784
1786
1787
1788
1789
1791
1792
1794
1795
1796
1797
1799
1801
1802
1803
1805
1806
1807
1808
1809
1811
1812
1815
1816
1819
1820
1822
1823
1824
1826
1828
1830
1831
1833
1834
1835
1836
1837
1838
1840
1841
1843
1846
1847
1848
1849
1851
1852
1853
1854
1855
1856
1858
1859
1861
1864
1865
1866
1868
1870
1871
1873
